17.926851117082546
18.689915461945915
19.406493591331987
19.963386409798613
20.83937444056745
20.80644731944892
20.70471297707689
21.241122892073232
22.20403751454481
23.806064214631498
24.42066554957203
24.53772971012686
25.155895778221883
25.13437970791324
25.670904161102964
24.903929549444516
26.423953664102243
26.701157454088584
26.58201182467577
26.768188741214946
27.732457527987663
28.235345057846498
28.244812094052417
28.42757018817309
27.678152113392592
26.896219355807506
27.575806208264325
27.892774702041446
28.119544059163587
29.052089817749632
28.854005956399288
28.94246148401078
28.590655817898615
28.878930994648332
29.499245238005006
29.386797870935084
29.596934231553135
29.1804923731753
29.15288658903428
28.98060748925299
28.562161717858448
28.521947076139554
28.70122093257502
29.576905354288463
29.405287257613146
29.2048744253006
29.262331425826105
29.511901028297512
30.417438433239017
31.140622123841645
31.37750163686095
31.110759353137336
31.586553553836865
31.90555725360835
32.21742076383053
32.123587633737074
32.31246845004224
32.07189811155145
32.34673423263088
32.126601679927816
32.15843720578499
31.903916948282063
32.11549344421504
32.345614290629264
32.44590217564156
32.32836621639096
31.62769400345202
31.31957974286607
32.167014481160855
32.40690961786961
32.8799547859354
32.847477710090764
32.76412024832891
32.03675147766563
32.24355801213466
31.956325609051365
32.7950206290529
33.00866202900963
33.03300204390399
33.36800055115097
33.24680998139217
32.691750535185314
33.16139802608578
32.66233126791333
32.56004797875678
32.67815476910454
32.844199502431685
32.728939936718035
32.67517155094555
32.15206279017368
31.805852720540024
31.895070395804378
32.22440375744871
31.963006726912177
32.362694197472294
32.67353968414173
32.98408132683999
32.86024737822949
32.692880216034716
33.00275295424956
33.1990154652909
32.75906056454759
32.75098415106593
32.99166520964664
32.95130372709037
32.70048448956841
32.82500458860957
32.46919585169514
33.36340829577949
33.43885453369232
33.55494047223735
33.13957089084229
33.38803100635122
33.24300804556357
33.18003498960641
32.84785542864162
33.620521505867394
33.61479801142724
32.46581962469463
32.81830229780634
32.587193280612745
32.89040954153575
32.66619553779024
32.52376414921205
32.54165422969774
32.89290046902682
32.53569685416576
32.73551681861107
32.25442053222052
32.29483365957332
32.349519787705276
32.558907223946576
32.88606242361267
32.63758389709272
32.68110173109264
32.4360926245637
32.53009894757981
31.867813922663697
32.14701361144405
32.35185527215494
31.937012471866453
31.671142115657723
31.382386296414424
31.826750702763583
32.30612762468901
32.1417779227025
32.850498394633334
32.74538472224095
32.63348795109552
32.57948796075698
32.502337792619876
32.578024030638346
32.27875588499809
32.39869154857645
32.264744716152016
32.606227922079015
32.52696087986665
32.43519836228939
32.60089732860057
32.505527653144185
33.19204116582937
33.132832644472025
33.253213658158884
33.30967124380606
33.54087824305315
32.826832776198174
33.37112700300222
33.017561142403295
33.44238401870664
33.240653663051475
33.798283476352545
33.50932837699399
33.67265026274795
33.45593251372651
34.167732227267614
33.918391105328396
33.664708650090525
33.602837188979045
33.77996641021692
34.22320712022662
33.973861662011295
33.94566387014499
33.807216772484175
34.138514084837446
33.892622947576314
33.669196549893165
33.705550492206356
33.67599794639912
34.03986112020368
33.23418124781483
33.310277675209015
33.62849572059273
33.67033719878505
34.025797214781335
33.45176968838836
33.235706500328945
33.614148165578705
33.44744056308016
33.355059578931154
32.78829359451275
33.111568351690096
33.32357863898048
32.975828743416706
33.467090550786395
33.672424798267045
33.4981038690136
33.499384790000164
32.842572921431994
32.56940586279347
32.206747253695454
32.84573789872031
33.09446139916805
33.078108809306784
33.150131503813675
33.400566564383745
33.06277119268144
33.05650879479803
32.59255543544064
33.00597366225662
32.97865407096301
33.04146524314015
32.858119331756
33.40292213850134
34.03851087012492
33.87630779406805
34.0121235489575
33.48438486729457
33.29587233921434
33.54077417665599
33.30771582127816
33.25324216509904
33.37881730642514
33.24550960413787
33.739360480998954
33.57480599196896
33.99388583627733
33.79591549678437
33.55641504838053
33.65482363698521
33.81542250957293
33.93323912926723
33.72903278924474
33.56495183002462
33.23480168811578
33.64855175301605
33.23585341917715
33.202699330518534
32.89732050470043
32.900025185588
33.26950353877621
33.318718398500785
32.968460796604546
32.989349665781
33.35715321502448
33.41837149727872
33.17179334756494
33.40604447888241
33.79878015742514
33.92027137184776
33.23906015853576
34.13952185804558
33.55162209752207
33.373927060730445
33.24718605006357
33.18843041208677
33.175980111623105
33.29777418937381
33.52958753990157
33.657802028532394
33.911662822051824
33.695519951924155
32.945420743232695
33.56139305329455
33.409553832049994
33.22673848214796
33.889131266376396
33.56453077583571
33.859031638006826
33.60061478413863
33.49117874610904
33.781892084744065
34.0926518119286
33.467583675976535
33.89384253517212
33.84010535496458
33.54685047582365
33.209227006212195
33.68103673163867
33.99180827765267
33.17745821621416
33.61759897104186
33.894963894684295
33.71617703888867
33.458184799171704
33.66374315335291
33.50384074651478
33.31661672856114
33.69234062200641
33.93506589559728
33.988831287695774
33.465776577841346
33.727546370435824
33.20584168634911
33.39048158327178
33.72162367075611
33.744284087759986
33.31568346436751
33.65295756611026
33.443400701663215
33.65625815267163
33.603027024278454
33.18435220242796
33.19376885411012
33.29367935855186
33.21330839524334
33.42378005858496
33.458558722286575
33.72204064641142
33.63020014718147
33.45509434558799
33.33197449809857
32.80460528174454
33.374464221433016
33.4217554696651
33.55316611847237
33.68206713763052
33.87603230349416
33.60262086314927
33.56696653345499
33.3701612462806
33.781271717418065
33.26948491230161
33.209911721975956
33.68822809388979
33.45781816052517
33.060996058418915
33.18660590546649
33.56632819494721
33.91212998099875
33.97805436645504
34.03249083925234
33.678227150001696
33.26881567248574
33.09442387753364
33.84077200792369
33.60260691321773
33.66835932041157
33.03032049359484
33.27585919958531
33.21093055117674
33.34429633196911
32.744878070800226
33.46682805996195
32.97529126846168
33.07391730885391
32.50977603688696
32.40160438505697
32.87533042425145
32.492392079053246
33.321568589230864
33.13246834811721
32.68904965327765
33.22576736515509
33.45716312303723
32.81155764282808
32.98353548364532
32.74640722432977
33.430278991951766
33.37526230685077
33.569448525057595
33.72964638251922
33.13805682020538
33.258349248079945
32.9491681389069
32.77793368237697
32.93530104018626
32.96011646033687
32.95160104745971
32.918066218332996
32.9765068600211
33.03033086060781
33.25173752208929
33.350724715177705
33.18046988687595
33.22148214918943
33.45022857959978
33.245572371384654
33.44982830266404
33.2899729549441
33.15925223264533
33.380156578475734
33.13573557329171
32.56263582636561
31.73090844571917
32.89541848234232
33.14336405635103
33.06801020116174
32.94826244084572
32.39803346415627
32.86631121610481
32.67795021715389
32.991970518589135
32.93486433999872
32.95929488840049
32.923340883471816
32.830133445211885
32.96081761007811
33.15069433800902
32.737070826263015
32.88688928487923
33.305536016713006
33.291197636373276
33.26221907763026
33.19539577547111
32.99955006704941
33.35147095068975
33.179333325143155
32.89140972073851
32.90260956025888
32.76804252280574
32.77667717599464
32.21520104546689
33.05864358181309
32.980759424813954
33.20496331221423
32.93302084073131
33.30683441540068
33.87274789631387
33.85671436144601
33.21516619538293
33.0649473008622
33.52878470195297
33.41081604115111
33.40783379476072
33.28830526968416
33.70388795978211
33.99888581326849
33.66507073304314
33.15343188765084
32.845701249885295
32.57006559016108
33.052418187909424
33.12839112864071
32.14631713987815
32.76209701249259
33.05525988369766
33.25864070387372
33.906021604147156
34.11111402182637
33.90406452760782
33.66379107110246
33.504533173076055
34.24971205552362
33.88639933242783
33.454858636952764
33.87349669117351
33.73708621900935
33.58372414841542
33.964341872535094
33.77507116822733
33.69273504287075
33.799940488920605
33.88250134148396
34.18803942535018
34.47873001749933
34.11455706454796
33.98511770780773
34.11104694173603
33.15990841626804
33.86267367840662
33.894278762653265
34.004613877170165
33.489698835537205
33.62747515011866
33.43277358819743
32.814101235372824
32.489436743616025
32.78111295838178
32.947637672734515
32.65034317526021
32.33460186496208
32.32770792749641
32.78855028372476
32.71631850879259
32.26527338768448
31.511411791000633
32.42132866403178
32.85605082317047
33.28026114731237
32.89145681469492
32.91186802689993
33.36598682502111
33.385482431552326
33.22306576769701
33.0950765649563
33.15403010212293
33.09307156321834
32.935537779330225
33.045839420379814
33.730518094003635
33.405792950586445
33.247306560317675
33.98290730208905
33.88818853698073
33.740348557074505
33.44368783147601
33.10826760391146
33.284323421984965
33.58003897992048
33.46615325980762
33.882573123320206
33.49011292313125
33.062406198893484
33.42790005319722
33.45734395697417
33.12687329106958
33.98767123258905
34.182243368259144
33.7790027767888
34.351329777358224
34.26372705726974
34.39543840047839
34.398184245023344
34.50429999460043
34.41404864403039
34.76065604215055
34.65782278569485
34.26093483643447
33.975840906662086
34.041439740807256
34.17653765073019
34.30440984826487
34.11428368751794
33.83612758692764
33.09333274807074
34.181850613864
33.67272961797523
33.69360732018452
34.31563215319257
34.180268024082736
33.652639279445964
33.43723244450651
34.20071496083537
33.78816974090203
34.023334839428664
33.889111569345836
34.06395315288435
34.304875819066005
33.96488928310097
34.093645780883804
34.39799380093534
33.86259300572787
33.86620329657335
33.337086854916095
33.02865423442632
33.79555487018223
33.96364633921091
33.455081841310445
33.46674129757329
34.051877995144054
34.6517196530546
34.56680259178046
33.887338454241316
33.510865510730554
34.18636580760465
34.3821906661818
34.104100129643875
33.916833317502736
33.41283117921414
33.755486156869736
34.17448284770908
34.04675390233575
34.392674813988336
34.49319165874914
34.41451940823945
34.56204698612071
34.41700832009261
34.62122413459937
34.70266201736094
34.813505360727866
34.66019050358455
34.31704398318092
34.3058424003325
34.11361204684422
34.19672163951358
34.01738693218227
33.768045969145035
33.71076624710022
34.04486375972327
33.796826228794394
34.36117777770985
34.743932354260124
34.097500696999155
34.44078254554525
34.79342779392923
34.469523324104195
34.345049032705205
34.05903661371741
34.49960786738099
34.51259821279319
34.16290638543524
33.89816096888935
33.58330106007223
34.07445587972981
33.97346347406768
34.15557373718425
33.9797715108049
33.67854111930441
33.56790595865475
33.62738721496613
34.020086847532355
33.59543307853576
33.739904307155626
33.11244335472047
32.74955921249335
33.35588467624587
33.210788902447824
32.67422439079474
32.86569758220331
32.70893854135315
32.64123320151477
32.894528059110364
32.91260363351816
33.38499869917728
33.84022521747693
33.81712553560456
34.20880236324781
34.201466475156394
34.04095459709729
33.90488073892702
33.61133868982534
33.845943333569146
33.851855246969556
33.763733779398635
34.04094071280259
33.91652528643233
34.061438675090514
33.83612372310176
32.9411458089474
33.82441912617946
34.02114081861736
33.802977230791946
33.481795564746015
33.512128642304745
33.96307302489361
34.051280556062075
34.356346218620935
34.233393671795724
33.940234000287376
33.506977300809076
32.974739422068645
33.016693321244695
33.02348482595688
33.528741918556236
33.65235112486514
33.309444675511024
33.37579871259221
33.714936737706836
33.557777378826096
33.508552614343664
33.6980511003019
33.40230443935594
33.89448827252599
34.310844314492904
33.61474143047049
33.727829486241625
33.359367801556196
32.55582703247502
32.822787042339286
33.13807143326413
33.179200252885956
33.6082540310829
33.176639543527926
33.20765731351298
33.10922493491339
33.442331470310094
33.01845654669247
32.91759383640916
33.045853780765306
33.51758825824994
33.653665259815206
33.439346587988595
33.51322363510683
33.488265124288255
33.60825709325629
33.97678484658449
33.66187404520505
33.507861246941445
33.91275094177189
33.740104814498075
34.41300658558146
34.12260930074884
33.463838345089066
33.669652206080364
33.668012558194135
33.74336472208871
33.86443204862562
34.04229707856535
34.42623102119576
34.229992788306916
34.16127383035367
34.173721925899535
34.51251256217644
34.36218296975648
34.36856509484969
34.51214145481858
34.104506986747964
33.72779002218913
33.907882243546084
33.26199367232844
33.54043354108637
32.988724460056
33.75392831284189
33.69699282440189
34.314804187272905
34.04859496276232
34.17163865077712
33.92417406333954
33.60029228094037
33.37453831241205
33.02046605497043
33.288016426261805
33.33657299354615
33.39797753991599
33.481470805096585
33.39706753736809
33.33849781292468
34.07477469517847
34.07760516468011
34.02273118614791
33.77122106187735
33.26544600592446
33.23800879530965
32.49665413730618
31.95509897518251
32.6022757054228
32.87177905571065
32.63972029229335
32.71003882547429
32.696737172483665
32.10967731469399
32.05447734426721
32.0832558921215
32.04284883343021
31.853280255545837
32.24187249120966
32.76965119981528
33.082096967911845
32.716564997025216
33.048001707021086
33.24760632226205
33.15594042367145
32.54484494281833
32.88117561394638
32.97393689492158
33.23655486922275
33.06844342941401
33.49968912072798
33.80634325884838
33.85887375290961
33.56169538600266
33.67361546858378
33.80351061853483
33.396542818299025
33.80198814332661
33.33132632762154
32.36522597932015
32.57213014409823
32.83757517211991
32.59036846927651
32.82459003163835
32.58749508017775
32.74962080112557
33.01775228016681
33.444642719704184
33.728773876501435
33.791504883741794
32.96766719679938
33.00855357152397
33.19412148669262
33.5538883620659
33.454617000348065
33.57835371258046
33.56525674891899
33.967643956085155
34.085950962720545
33.917594114515246
33.45037334325038
33.18202300441343
33.829474492736956
33.93082600366026
33.62592742678539
33.562289753308875
33.07966024746609
33.56915622434418
33.514834136088176
32.80879873728185
33.20228648258278
33.341632205026755
33.456074885847414
33.428544727688404
33.590664463497205
33.17825595688791
33.105532648905644
33.075328535613295
32.8385483909662
32.96055026006654
32.89568258055771
32.413002183609876
31.75420411817372
32.624947181108524
32.77787689813866
32.672928985335695
32.431028696057204
32.62256670262121
33.7365409932471
33.721222972156255
33.01432508655361
33.43755040125199
33.25195062921037
33.47564312667955
33.728436972908106
33.3107997337644
33.20543704340679
33.425054696186955
33.58250606486329
33.35738380870153
33.720258400857325
33.57250172562136
33.20508705360964
32.95594788554606
33.42126994327633
33.48839999426413
33.4430125402977
33.28278486776044
33.45814795296143
33.460800859411826
33.15027253631541
33.44397739497254
32.93899946038803
32.93679506749311
32.7927427070115
33.24662450271055
32.93908829539922
33.56318715925437
33.660038273219335
32.93845214087429
33.85524134319533
33.2370677200326
33.0175531065093
33.37476955919951
32.84239293253186
33.79875798332027
33.96599857544344
33.84094663390695
33.68135065941974
34.18306679691385
33.962919164698185
34.35872639213369
34.38259312701311
34.27308166622947
34.41246208686974
34.1423195657511
34.04626956389699
34.05423677378369
34.29730099740179
34.17447067302439
34.257625309956026
34.034822105887464
34.09120526953199
34.21797944800349
34.17524231061159
34.013338299989066
33.44033389015465
33.742993773477174
33.86271900306893
33.77928303404903
33.2742865402247
33.21152950520149
33.32046847515922
32.760876668003895
33.4470272733362
33.56812082790346
33.557930384462864
32.93157164445523
33.63824673715858
33.74483529481998
33.05346713158479
33.31687563241292
33.860492268704085
33.82815955949772
33.65884105439679
33.349692114283776
32.81940786315945
33.45593669611283
33.578471527284655
33.57751087912862
33.256802781272334
34.041422867546174
34.003951152847115
34.18668644187854
34.05776618689821
33.99977255791779
33.564927603059814
33.61800790745824
33.719580761269725
33.859865879589094
33.98861292267069
33.84310663101049
33.959542099452705
34.25280654314308
34.241857168639214
33.83899922743634
34.262515297748365
34.32034941537872
34.3900494386299
33.82979385578144
33.96610669126876
33.8780200310663
33.74984789194805
33.24818181921039
32.95068650579519
33.2790982971175
33.77011435254148
33.83936003911857
33.37372762320954
32.71212226715235
33.44902034247393
33.56945026972982
33.79566430591786
33.17074117246493
33.62560241612224
33.472712222490124
33.50890305364598
33.56090078373595
33.229240595216886
33.65675198003217
33.67197922827215
33.169341540775676
33.82519560354548
33.549502721521684
33.40137034462947
33.54597025168499
33.460020110104125
33.035728387645115
33.4593082547186
33.628404113996005
33.809828611300226
33.01548803053832
33.30820719786127
32.87951538582308
32.844734766697854
32.6406749268306
32.72253389786967
32.994174056416156
32.89290917170396
32.451535622279195
32.94408864626268
33.13393328960076
33.00361731367558
33.69460753820808
33.96909975286488
33.70201915577877
33.85316910227827
33.91933046270052
33.99532641325831
33.944774356058865
34.12039315753654
33.80529459357928
34.03799760837599
34.126215708689344
33.71809430228856
33.68760635924263
33.22941663271159
34.166578567464924
34.16886583871146
33.56931136477525
33.62653143688675
33.81525976835848
33.963112091605424
33.861793035831504
34.135651733985334
34.06841953884283
33.592004426905795
33.54664639657671
33.63834225190915
33.08125072730839
33.31238875904227
33.56255967652672
33.81855226810229
33.73950051218119
33.95764421064849
33.62204091340607
33.73843471917873
33.780873714014746
33.36079089663365
33.924601500193624
34.10963376498313
33.808166020767935
33.637105723191645
