2016-11-29 15:22:46
0, 0, 0, 0, 1, 1, 1, 1, 
0, 0, 1, 1, 0, 0, 1, 1, 
0, 1, 0, 1, 0, 1, 0, 1, 
_____________第1代________________
Fitness = 22
##########maxFitnessList[chromosome1]########
3, 4, 4, 3, 4, 
0, 1, 0, 0, 1, 
1, 0, 1, 1, 0, 
264
_____________第2代________________
Fitness = 22
##########maxFitnessList[chromosome1]########
3, 4, 4, 3, 4, 
0, 1, 0, 0, 1, 
1, 0, 1, 1, 0, 
0
_____________第3代________________
Fitness = 22
##########maxFitnessList[chromosome1]########
3, 4, 4, 3, 4, 
0, 1, 0, 0, 1, 
1, 0, 1, 1, 0, 
0
_____________第4代________________
Fitness = 22
##########maxFitnessList[chromosome1]########
3, 4, 4, 3, 4, 
0, 1, 0, 0, 1, 
1, 0, 1, 1, 0, 
0
_____________第5代________________
Fitness = 22
##########maxFitnessList[chromosome1]########
3, 4, 4, 3, 4, 
0, 1, 0, 0, 1, 
1, 0, 1, 1, 0, 
0
_____________第6代________________
Fitness = 22
##########maxFitnessList[chromosome1]########
3, 4, 4, 3, 4, 
0, 1, 0, 0, 1, 
1, 0, 1, 1, 0, 
0
_____________第7代________________
Fitness = 22
##########maxFitnessList[chromosome1]########
3, 4, 4, 3, 4, 
0, 1, 0, 0, 1, 
1, 0, 1, 1, 0, 
0
_____________第8代________________
Fitness = 22
##########maxFitnessList[chromosome1]########
3, 4, 4, 3, 4, 
0, 1, 0, 0, 1, 
1, 0, 1, 1, 0, 
0
_____________第9代________________
Fitness = 22
##########maxFitnessList[chromosome1]########
3, 4, 4, 3, 4, 
0, 1, 0, 0, 1, 
1, 0, 1, 1, 0, 
0
_____________第10代________________
Fitness = 22
##########maxFitnessList[chromosome1]########
3, 4, 4, 3, 4, 
0, 1, 0, 0, 1, 
1, 0, 1, 1, 0, 
0
_____________第11代________________
Fitness = 22
##########maxFitnessList[chromosome1]########
3, 4, 4, 3, 4, 
0, 1, 0, 0, 1, 
1, 0, 1, 1, 0, 
0
_____________第12代________________
Fitness = 24
##########maxFitnessList[chromosome1]########
1, 0, 1, 0, 1, 
0, 1, 4, 1, 4, 
3, 4, 0, 2, 0, 
182
##########maxFitnessList[chromosome2]########
249
1, 0, 1, 0, 1, 
0, 1, 4, 1, 4, 
3, 4, 0, 2, 0, 
_____________第13代________________
Fitness = 22
##########maxFitnessList[chromosome1]########
2, 3, 2, 3, 0, 
0, 1, 1, 0, 1, 
1, 0, 0, 1, 4, 
421
##########maxFitnessList[chromosome2]########
588
3, 2, 4, 0, 0, 
0, 0, 0, 1, 1, 
1, 1, 1, 4, 3, 
_____________第14代________________
Fitness = 22
##########maxFitnessList[chromosome1]########
2, 3, 2, 3, 0, 
0, 1, 1, 0, 1, 
1, 0, 0, 1, 4, 
0
##########maxFitnessList[chromosome2]########
588
3, 2, 4, 0, 0, 
0, 0, 0, 1, 1, 
1, 1, 1, 4, 3, 
_____________第15代________________
Fitness = 22
##########maxFitnessList[chromosome1]########
2, 3, 2, 3, 0, 
0, 1, 1, 0, 1, 
1, 0, 0, 1, 4, 
0
##########maxFitnessList[chromosome2]########
588
3, 2, 4, 0, 0, 
0, 0, 0, 1, 1, 
1, 1, 1, 4, 3, 
_____________第16代________________
Fitness = 22
##########maxFitnessList[chromosome1]########
2, 3, 2, 3, 0, 
0, 1, 1, 0, 1, 
1, 0, 0, 1, 4, 
0
##########maxFitnessList[chromosome2]########
588
3, 2, 4, 0, 0, 
0, 0, 0, 1, 1, 
1, 1, 1, 4, 3, 
_____________第17代________________
Fitness = 22
##########maxFitnessList[chromosome1]########
2, 3, 2, 3, 0, 
0, 1, 1, 0, 1, 
1, 0, 0, 1, 4, 
0
##########maxFitnessList[chromosome2]########
588
3, 2, 4, 0, 0, 
0, 0, 0, 1, 1, 
1, 1, 1, 4, 3, 
_____________第18代________________
Fitness = 22
##########maxFitnessList[chromosome1]########
2, 3, 2, 3, 0, 
0, 1, 1, 0, 1, 
1, 0, 0, 1, 4, 
0
##########maxFitnessList[chromosome2]########
588
3, 2, 4, 0, 0, 
0, 0, 0, 1, 1, 
1, 1, 1, 4, 3, 
_____________第19代________________
Fitness = 22
##########maxFitnessList[chromosome1]########
2, 3, 2, 3, 0, 
0, 1, 1, 0, 1, 
1, 0, 0, 1, 4, 
0
##########maxFitnessList[chromosome2]########
588
3, 2, 4, 0, 0, 
0, 0, 0, 1, 1, 
1, 1, 1, 4, 3, 
_____________第20代________________
Fitness = 22
##########maxFitnessList[chromosome1]########
2, 3, 2, 3, 0, 
0, 1, 1, 0, 1, 
1, 0, 0, 1, 4, 
0
##########maxFitnessList[chromosome2]########
588
3, 2, 4, 0, 0, 
0, 0, 0, 1, 1, 
1, 1, 1, 4, 3, 
_____________第21代________________
Fitness = 22
##########maxFitnessList[chromosome1]########
2, 3, 2, 3, 0, 
0, 1, 1, 0, 1, 
1, 0, 0, 1, 4, 
0
##########maxFitnessList[chromosome2]########
588
3, 2, 4, 0, 0, 
0, 0, 0, 1, 1, 
1, 1, 1, 4, 3, 
_____________第22代________________
Fitness = 22
##########maxFitnessList[chromosome1]########
2, 3, 2, 3, 0, 
0, 1, 1, 0, 1, 
1, 0, 0, 1, 4, 
0
##########maxFitnessList[chromosome2]########
588
3, 2, 4, 0, 0, 
0, 0, 0, 1, 1, 
1, 1, 1, 4, 3, 
_____________第23代________________
Fitness = 22
##########maxFitnessList[chromosome1]########
2, 3, 2, 3, 0, 
0, 1, 1, 0, 1, 
1, 0, 0, 1, 4, 
0
##########maxFitnessList[chromosome2]########
588
3, 2, 4, 0, 0, 
0, 0, 0, 1, 1, 
1, 1, 1, 4, 3, 
_____________第24代________________
Fitness = 22
##########maxFitnessList[chromosome1]########
2, 3, 2, 3, 0, 
0, 1, 1, 0, 1, 
1, 0, 0, 1, 4, 
0
##########maxFitnessList[chromosome2]########
588
3, 2, 4, 0, 0, 
0, 0, 0, 1, 1, 
1, 1, 1, 4, 3, 
_____________第25代________________
Fitness = 22
##########maxFitnessList[chromosome1]########
2, 3, 2, 3, 0, 
0, 1, 1, 0, 1, 
1, 0, 0, 1, 4, 
0
##########maxFitnessList[chromosome2]########
588
3, 2, 4, 0, 0, 
0, 0, 0, 1, 1, 
1, 1, 1, 4, 3, 
_____________第26代________________
Fitness = 22
##########maxFitnessList[chromosome1]########
2, 3, 2, 3, 0, 
0, 1, 1, 0, 1, 
1, 0, 0, 1, 4, 
0
##########maxFitnessList[chromosome2]########
588
3, 2, 4, 0, 0, 
0, 0, 0, 1, 1, 
1, 1, 1, 4, 3, 
_____________第27代________________
Fitness = 22
##########maxFitnessList[chromosome1]########
2, 3, 2, 3, 0, 
0, 1, 1, 0, 1, 
1, 0, 0, 1, 4, 
0
##########maxFitnessList[chromosome2]########
588
3, 2, 4, 0, 0, 
0, 0, 0, 1, 1, 
1, 1, 1, 4, 3, 
_____________第28代________________
Fitness = 22
##########maxFitnessList[chromosome1]########
2, 3, 2, 3, 0, 
0, 1, 1, 0, 1, 
1, 0, 0, 1, 4, 
0
##########maxFitnessList[chromosome2]########
588
3, 2, 4, 0, 0, 
0, 0, 0, 1, 1, 
1, 1, 1, 4, 3, 
_____________第29代________________
Fitness = 22
##########maxFitnessList[chromosome1]########
2, 3, 2, 3, 0, 
0, 1, 1, 0, 1, 
1, 0, 0, 1, 4, 
0
##########maxFitnessList[chromosome2]########
588
3, 2, 4, 0, 0, 
0, 0, 0, 1, 1, 
1, 1, 1, 4, 3, 
_____________第30代________________
Fitness = 22
##########maxFitnessList[chromosome1]########
2, 3, 2, 3, 0, 
0, 1, 1, 0, 1, 
1, 0, 0, 1, 4, 
0
##########maxFitnessList[chromosome2]########
588
3, 2, 4, 0, 0, 
0, 0, 0, 1, 1, 
1, 1, 1, 4, 3, 
_____________第31代________________
Fitness = 22
##########maxFitnessList[chromosome1]########
2, 3, 2, 3, 0, 
0, 1, 1, 0, 1, 
1, 0, 0, 1, 4, 
0
##########maxFitnessList[chromosome2]########
588
3, 2, 4, 0, 0, 
0, 0, 0, 1, 1, 
1, 1, 1, 4, 3, 
_____________第32代________________
Fitness = 22
##########maxFitnessList[chromosome1]########
2, 3, 2, 3, 0, 
0, 1, 1, 0, 1, 
1, 0, 0, 1, 4, 
0
##########maxFitnessList[chromosome2]########
588
3, 2, 4, 0, 0, 
0, 0, 0, 1, 1, 
1, 1, 1, 4, 3, 
_____________第33代________________
Fitness = 22
##########maxFitnessList[chromosome1]########
2, 3, 2, 3, 0, 
0, 1, 1, 0, 1, 
1, 0, 0, 1, 4, 
0
##########maxFitnessList[chromosome2]########
588
3, 2, 4, 0, 0, 
0, 0, 0, 1, 1, 
1, 1, 1, 4, 3, 
_____________第34代________________
Fitness = 22
##########maxFitnessList[chromosome1]########
2, 3, 2, 3, 0, 
0, 1, 1, 0, 1, 
1, 0, 0, 1, 4, 
0
##########maxFitnessList[chromosome2]########
588
3, 2, 4, 0, 0, 
0, 0, 0, 1, 1, 
1, 1, 1, 4, 3, 
_____________第35代________________
Fitness = 22
##########maxFitnessList[chromosome1]########
2, 3, 2, 3, 0, 
0, 1, 1, 0, 1, 
1, 0, 0, 1, 4, 
0
##########maxFitnessList[chromosome2]########
588
3, 2, 4, 0, 0, 
0, 0, 0, 1, 1, 
1, 1, 1, 4, 3, 
_____________第36代________________
Fitness = 22
##########maxFitnessList[chromosome1]########
2, 3, 2, 3, 0, 
0, 1, 1, 0, 1, 
1, 0, 0, 1, 4, 
0
##########maxFitnessList[chromosome2]########
588
3, 2, 4, 0, 0, 
0, 0, 0, 1, 1, 
1, 1, 1, 4, 3, 
_____________第37代________________
Fitness = 22
##########maxFitnessList[chromosome1]########
2, 3, 2, 3, 0, 
0, 1, 1, 0, 1, 
1, 0, 0, 1, 4, 
0
##########maxFitnessList[chromosome2]########
588
3, 2, 4, 0, 0, 
0, 0, 0, 1, 1, 
1, 1, 1, 4, 3, 
_____________第38代________________
Fitness = 22
##########maxFitnessList[chromosome1]########
2, 3, 2, 3, 0, 
0, 1, 1, 0, 1, 
1, 0, 0, 1, 4, 
0
##########maxFitnessList[chromosome2]########
588
3, 2, 4, 0, 0, 
0, 0, 0, 1, 1, 
1, 1, 1, 4, 3, 
_____________第39代________________
Fitness = 22
##########maxFitnessList[chromosome1]########
2, 3, 2, 3, 0, 
0, 1, 1, 0, 1, 
1, 0, 0, 1, 4, 
0
##########maxFitnessList[chromosome2]########
588
3, 2, 4, 0, 0, 
0, 0, 0, 1, 1, 
1, 1, 1, 4, 3, 
_____________第40代________________
Fitness = 22
##########maxFitnessList[chromosome1]########
2, 3, 2, 3, 0, 
0, 1, 1, 0, 1, 
1, 0, 0, 1, 4, 
0
##########maxFitnessList[chromosome2]########
588
3, 2, 4, 0, 0, 
0, 0, 0, 1, 1, 
1, 1, 1, 4, 3, 
_____________第41代________________
Fitness = 22
##########maxFitnessList[chromosome1]########
2, 3, 2, 3, 0, 
0, 1, 1, 0, 1, 
1, 0, 0, 1, 4, 
0
##########maxFitnessList[chromosome2]########
588
3, 2, 4, 0, 0, 
0, 0, 0, 1, 1, 
1, 1, 1, 4, 3, 
_____________第42代________________
Fitness = 22
##########maxFitnessList[chromosome1]########
2, 3, 2, 3, 0, 
0, 1, 1, 0, 1, 
1, 0, 0, 1, 4, 
0
##########maxFitnessList[chromosome2]########
588
3, 2, 4, 0, 0, 
0, 0, 0, 1, 1, 
1, 1, 1, 4, 3, 
_____________第43代________________
Fitness = 22
##########maxFitnessList[chromosome1]########
2, 3, 2, 3, 0, 
0, 1, 1, 0, 1, 
1, 0, 0, 1, 4, 
0
##########maxFitnessList[chromosome2]########
588
3, 2, 4, 0, 0, 
0, 0, 0, 1, 1, 
1, 1, 1, 4, 3, 
_____________第44代________________
Fitness = 22
##########maxFitnessList[chromosome1]########
2, 3, 2, 3, 0, 
0, 1, 1, 0, 1, 
1, 0, 0, 1, 4, 
0
##########maxFitnessList[chromosome2]########
588
3, 2, 4, 0, 0, 
0, 0, 0, 1, 1, 
1, 1, 1, 4, 3, 
_____________第45代________________
Fitness = 22
##########maxFitnessList[chromosome1]########
2, 3, 2, 3, 0, 
0, 1, 1, 0, 1, 
1, 0, 0, 1, 4, 
0
##########maxFitnessList[chromosome2]########
588
3, 2, 4, 0, 0, 
0, 0, 0, 1, 1, 
1, 1, 1, 4, 3, 
_____________第46代________________
Fitness = 22
##########maxFitnessList[chromosome1]########
2, 3, 2, 3, 0, 
0, 1, 1, 0, 1, 
1, 0, 0, 1, 4, 
0
##########maxFitnessList[chromosome2]########
588
3, 2, 4, 0, 0, 
0, 0, 0, 1, 1, 
1, 1, 1, 4, 3, 
_____________第47代________________
Fitness = 22
##########maxFitnessList[chromosome1]########
2, 3, 2, 3, 0, 
0, 1, 1, 0, 1, 
1, 0, 0, 1, 4, 
0
##########maxFitnessList[chromosome2]########
588
3, 2, 4, 0, 0, 
0, 0, 0, 1, 1, 
1, 1, 1, 4, 3, 
_____________第48代________________
Fitness = 22
##########maxFitnessList[chromosome1]########
2, 3, 2, 3, 0, 
0, 1, 1, 0, 1, 
1, 0, 0, 1, 4, 
0
##########maxFitnessList[chromosome2]########
588
3, 2, 4, 0, 0, 
0, 0, 0, 1, 1, 
1, 1, 1, 4, 3, 
_____________第49代________________
Fitness = 22
##########maxFitnessList[chromosome1]########
2, 3, 2, 3, 0, 
0, 1, 1, 0, 1, 
1, 0, 0, 1, 4, 
0
##########maxFitnessList[chromosome2]########
588
3, 2, 4, 0, 0, 
0, 0, 0, 1, 1, 
1, 1, 1, 4, 3, 
_____________第50代________________
Fitness = 22
##########maxFitnessList[chromosome1]########
2, 3, 2, 3, 0, 
0, 1, 1, 0, 1, 
1, 0, 0, 1, 4, 
0
##########maxFitnessList[chromosome2]########
588
3, 2, 4, 0, 0, 
0, 0, 0, 1, 1, 
1, 1, 1, 4, 3, 
_____________第51代________________
Fitness = 24
##########maxFitnessList[chromosome1]########
4, 1, 4, 0, 1, 
1, 0, 1, 1, 0, 
0, 2, 0, 3, 3, 
222
______****_______最优结果_______****_________
4, 1, 4, 0, 1, 
1, 0, 1, 1, 0, 
0, 2, 0, 3, 3, 
